0 0.000000
1 7.742912
2 22.305216
3 22.939520
4 27.377119
5 11.616992
6 27.221727
7 7.384576
8 7.390176
9 7.386336
10 7.392896
11 7.388192
12 7.391264
13 7.384640
14 7.384480
15 7.384064
16 7.385152
17 7.389568
18 7.386304
19 7.389696
20 7.386112
21 7.389536
22 7.384544
23 7.389856
24 7.386400
25 7.391424
26 7.385760
27 7.381888
28 7.288448
29 7.283840
30 7.281152
31 7.286432
32 7.292416
33 7.284064
34 7.290656
35 7.289696
36 7.292160
37 7.291616
38 7.242400
39 7.129792
40 7.144032
41 7.139456
42 7.137856
43 7.139584
44 7.140352
45 7.143136
46 7.133280
47 7.132096
48 7.128768
49 7.128832
50 7.117440
51 7.122624
52 7.125088
53 7.136672
54 7.120000
55 7.124512
56 7.177568
57 7.130144
58 7.129760
59 7.119168
60 7.118944
61 7.118656
62 7.125376
63 7.112384
64 7.119008
65 7.128032
66 7.124256
67 7.116448
68 7.117216
69 7.124224
70 7.121888
71 7.120000
72 7.120544
73 7.122432
74 7.114496
75 7.114304
76 7.120768
77 7.124352
78 7.121664
79 7.118528
80 7.121824
81 7.124096
82 7.121120
83 7.120896
84 7.119968
85 7.115872
86 7.116928
87 7.119456
88 7.129184
89 7.118624
90 7.128256
91 7.118752
92 7.121600
93 7.108928
94 7.128704
95 7.116320
96 7.113024
97 7.127904
98 7.123680
99 7.112864
100 7.118656
101 7.121568
102 7.115584
103 7.114336
104 7.122176
105 7.112448
106 7.118656
107 7.119648
108 7.114688
109 7.123392
110 7.119136
111 7.122496
112 7.120896
113 7.126368
114 7.116544
115 7.125536
116 7.123520
117 7.121824
118 7.118976
119 7.120928
120 7.125440
121 7.126368
122 7.130528
123 7.128768
124 7.123232
125 7.115296
126 7.127488
127 7.119040
128 7.114176
129 7.122688
130 7.118976
131 7.126400
132 7.122784
133 7.116064
134 7.120096
135 7.131168
136 7.120064
137 7.125888
138 7.120128
139 7.125664
140 7.122080
141 7.121312
142 7.119264
143 7.119456
144 7.123296
145 7.112352
146 7.123776
147 7.120160
148 7.115744
149 7.117632
150 7.120480
151 7.119296
152 7.122976
153 7.128224
154 7.118880
155 7.112576
156 7.116096
157 7.127520
158 7.122432
159 7.123328
160 7.118752
161 7.118720
162 7.124800
163 7.115616
164 7.112928
165 7.117184
166 7.120640
167 7.125312
168 7.122976
169 7.118112
170 7.112288
171 7.118016
172 7.123968
173 7.119680
174 7.119360
175 7.124224
176 7.122560
177 7.119840
178 7.119648
179 7.117408
180 7.120352
181 7.115936
182 7.121056
183 7.117344
184 7.117056
185 7.126112
186 7.113056
187 7.115264
188 7.377792
189 6.995200
190 6.996064
191 6.993408
192 6.994400
193 6.985600
194 6.989280
195 6.996768
196 6.986848
197 6.988544
198 6.989280
199 6.989440
200 6.983904
201 6.986784
202 6.987200
203 7.002080
204 6.989312
205 6.984160
206 6.980608
207 6.978304
208 6.989024
209 6.983264
210 6.985824
211 6.984992
212 6.986464
213 6.992192
214 6.995232
215 6.982144
216 6.982848
217 6.995808
218 6.987648
219 6.985760
220 6.996960
221 6.987744
222 6.984512
223 6.985792
224 6.990464
225 6.992896
226 6.988480
227 6.988512
228 6.983968
229 6.989600
230 6.987808
231 6.984448
232 6.987136
233 6.990464
234 6.987904
235 6.990400
236 6.984544
237 6.984864
238 6.990272
239 6.980640
240 6.986368
241 6.987104
242 6.994720
243 6.991904
244 6.982528
245 6.980896
246 6.988064
247 6.990720
248 6.989376
249 6.987904
250 6.984768
251 6.984416
252 6.989728
253 6.984640
254 6.980960
255 6.987712
256 6.980928
257 6.984640
258 6.978272
259 6.988768
260 6.983104
261 6.994112
262 6.981216
263 6.988672
264 6.990304
265 6.983904
266 6.993216
267 6.994880
268 6.986528
269 6.983648
270 6.981088
271 6.989984
272 6.990080
273 6.991712
274 6.982048
275 6.984800
276 6.988832
277 6.985152
278 6.989152
279 6.986080
280 6.992064
281 6.988960
282 6.988512
283 6.987168
284 6.983424
285 6.995008
286 6.987008
287 6.975264
288 6.983392
289 6.985248
290 6.992000
291 6.988896
292 6.979488
293 6.986976
294 6.980544
295 6.978528
296 6.981056
297 6.991648
298 6.983296
299 6.980800
300 6.981152
301 6.989600
302 6.992064
303 6.983584
304 6.979008
305 6.982240
306 6.984512
307 6.983840
308 6.972512
309 6.973824
310 6.983904
311 6.981408
312 6.979968
313 6.985952
314 6.987328
315 6.989952
316 6.981536
317 6.981696
318 6.981312
319 6.980320
320 6.981696
321 6.979360
322 6.985472
323 6.981376
324 6.977344
325 6.982464
326 6.983424
327 6.976128
328 6.985472
329 6.984352
330 6.983136
331 6.989760
332 6.979936
333 6.985248
334 6.984640
335 6.978848
336 6.982240
337 6.978208
338 6.984416
339 6.985856
340 6.977824
341 6.982496
342 6.986688
343 6.980384
344 6.972768
345 6.981344
346 6.982912
347 6.975616
348 6.980128
349 6.987744
350 6.983744
351 6.981472
352 6.990784
353 6.987392
354 6.983008
355 6.984896
356 6.985408
357 6.984320
358 6.983232
359 6.987360
360 6.979840
361 6.985056
362 6.985184
363 6.991488
364 6.979872
365 6.973248
366 6.982400
367 6.985504
368 6.987424
369 6.976288
370 6.977984
371 6.976032
372 6.985856
373 6.981824
374 6.985088
375 6.982752
376 6.980352
377 6.983520
378 6.983680
379 6.980768
380 6.975552
381 6.996608
382 6.986240
383 6.991232
384 6.989568
385 6.989184
386 6.985632
387 7.001312
388 6.988480
389 6.980576
390 6.997056
391 7.000256
392 6.987168
393 6.985376
394 6.987072
395 6.987072
396 6.994944
397 6.989696
398 6.991072
399 6.996032
400 6.986880
401 6.988800
402 6.989408
403 6.986336
404 6.996832
405 6.985312
406 6.986208
407 6.977408
408 6.991104
409 6.988768
410 6.994144
411 6.991488
412 6.986208
413 7.000096
414 6.987744
415 6.998816
416 6.998240
417 6.999680
418 6.997568
419 6.990272
420 6.996928
421 6.994688
422 6.994944
423 6.993184
424 7.001760
425 6.991200
426 6.998400
427 6.998336
428 6.994240
429 6.994848
430 6.994720
431 6.994880
432 6.994240
433 7.006592
434 6.997440
435 6.994880
436 6.988000
437 6.995488
438 6.998848
439 7.004288
440 6.994176
441 6.998400
442 6.997856
443 6.999104
444 6.997056
445 6.995552
446 7.002112
447 6.991776
448 6.999200
449 7.003168
450 7.003744
451 7.007584
452 7.018080
453 7.003872
454 7.013760
455 7.011488
456 7.010656
457 7.017216
458 7.014016
459 7.016608
460 7.012832
461 7.015904
462 7.007616
463 7.009120
464 7.006528
465 7.011552
466 7.011968
467 7.014976
468 7.008000
469 7.008128
470 7.009696
471 7.017792
472 7.010560
473 7.019232
474 7.011264
475 7.013184
476 7.018432
477 7.017088
478 7.023008
479 7.011520
480 7.012000
481 7.012608
482 7.012544
483 7.010752
484 7.015168
485 7.009984
486 7.015136
487 7.008928
488 7.007872
489 7.018784
490 7.001312
491 7.008768
492 7.009248
493 7.012640
494 7.014880
495 7.013568
496 7.013280
497 7.007136
498 7.017984
499 7.008192
500 7.008896
501 7.015456
502 7.006656
503 7.012192
504 7.001696
505 7.013824
506 7.009376
507 7.004800
508 7.015392
509 7.012704
510 7.012384
511 7.008320
512 7.002560
513 7.007296
514 7.005856
515 6.995904
516 7.010944
517 7.013312
518 7.007680
519 7.006496
520 6.999712
521 7.011008
522 7.004096
523 7.010976
524 6.998656
525 7.006912
526 7.009280
527 7.008704
528 7.001984
529 6.996864
530 7.004896
531 6.995520
532 7.006112
533 7.012064
534 7.004096
535 6.999712
536 7.011552
537 7.002976
538 7.000576
539 6.998560
540 7.001344
541 7.002848
542 7.003648
543 7.000544
544 7.000576
545 7.002400
546 7.003744
547 6.996480
548 6.997216
549 6.994016
550 6.999264
551 6.988576
552 7.001088
553 7.004672
554 6.998208
555 6.990848
556 7.005536
557 7.000864
558 7.001248
559 7.000608
560 7.002528
561 6.999264
562 6.996928
563 7.000800
564 6.992960
565 6.985952
566 6.983872
567 6.998336
568 6.989248
569 6.997408
570 6.994432
571 6.985824
572 7.000672
573 6.992768
574 6.987360
575 7.001600
576 7.006240
577 6.995584
578 6.997184
579 6.993376
580 6.991776
581 6.995136
582 6.994752
583 6.987840
584 6.989376
585 6.995392
586 6.993696
587 6.999264
588 6.987520
589 6.986080
590 6.993632
591 6.981728
592 6.984736
593 6.984480
594 6.994304
595 6.991744
596 6.988224
597 6.984928
598 6.991584
599 6.981152
600 6.992032
601 6.985024
602 6.992480
603 6.986112
604 6.995232
605 6.983584
606 6.989312
607 6.993536
608 6.991200
609 6.989664
610 6.983840
611 6.991488
612 6.991648
613 6.985728
614 6.978464
615 6.983488
616 6.980576
617 6.985632
618 6.983936
619 6.982368
620 6.982432
621 6.982336
622 6.984544
623 6.980544
624 6.986144
625 6.982016
626 6.988480
627 6.982400
628 6.980160
629 6.984064
630 6.976992
631 6.984992
632 6.984768
633 6.985472
634 6.990560
635 6.987776
636 6.988640
637 6.988096
638 6.982080
639 6.986848
640 6.981248
641 6.973472
642 6.981120
643 6.984000
644 6.980352
645 6.989312
646 6.984608
647 6.986880
648 6.988832
649 6.981056
650 6.975136
651 6.985024
652 6.978080
653 6.986944
654 6.982752
655 6.986176
656 6.980192
657 6.993504
658 6.977120
659 6.981952
660 6.979264
661 6.983520
662 6.980640
663 6.981376
664 6.982080
665 6.983168
666 6.982176
667 6.977952
668 6.980224
669 6.976576
670 6.982400
671 6.980480
672 6.982464
673 6.977600
674 6.979392
675 6.981472
676 6.978464
677 6.985344
678 6.979584
679 6.976608
680 6.984576
681 6.982304
682 6.980768
683 6.969952
684 6.988800
685 6.976416
686 6.977056
687 6.979584
688 6.984992
689 6.982464
690 6.980768
691 6.976352
692 6.972640
693 6.980832
694 6.980576
695 6.983488
696 6.980480
697 6.975584
698 6.972000
699 6.982496
700 6.968992
701 6.980096
702 6.979776
703 6.986304
704 6.980192
705 6.975840
706 6.980832
707 6.984640
708 6.974016
709 6.988800
710 6.982784
711 6.982240
712 6.986272
713 6.984992
714 6.986304
715 6.989568
716 6.982464
717 6.975168
718 6.970880
719 6.974208
720 6.968704
721 6.970208
722 6.971712
723 6.978656
724 6.981984
725 6.971232
726 6.981568
727 6.978816
728 6.979520
729 6.975040
730 6.975968
731 6.966720
732 6.978976
733 6.968192
734 6.976128
735 6.969376
736 6.977248
737 6.974848
738 6.978464
739 6.969984
740 6.973696
741 6.973248
742 6.982688
743 6.971712
744 6.963616
745 6.975808
746 6.966880
747 6.981600
748 6.974208
749 6.974624
750 6.968640
751 6.968896
752 6.972288
753 6.977664
754 6.969856
755 6.978272
756 6.967872
757 6.974112
758 6.973024
759 6.980576
760 6.976352
761 6.972672
762 6.974112
763 6.995264
764 6.995840
765 6.995936
766 6.979200
767 6.987936
768 6.999520
769 6.980448
770 6.983360
771 6.994464
772 6.984704
773 7.004224
774 7.007872
775 7.001536
776 7.006016
777 7.003616
778 7.005120
779 7.014048
780 7.005696
781 7.010528
782 7.007104
783 7.005248
784 7.011168
785 7.006464
786 7.011264
787 7.014304
788 7.010048
789 7.011712
790 7.010592
791 7.010688
792 7.015488
793 7.015104
794 7.010336
795 7.021600
796 7.025408
797 7.031296
798 7.023360
799 7.028160
800 7.026560
801 7.033504
802 7.032064
803 7.013824
804 7.026368
805 7.035904
806 7.023456
807 7.026560
808 7.029760
809 7.035488
810 7.033632
811 7.034880
812 7.035296
813 7.020896
814 7.030336
815 7.022272
816 7.023424
817 7.033088
818 7.027296
819 7.027296
820 7.013824
821 7.022496
822 7.018496
823 7.016640
824 7.018624
825 7.022400
826 7.022368
827 7.020672
828 7.022304
829 7.018464
830 7.022112
831 7.014688
832 7.010816
833 7.023872
834 7.015360
835 7.015936
836 7.017792
837 7.019520
838 7.025856
839 7.014080
840 7.020960
841 7.022688
842 7.005728
843 7.018560
844 7.015104
845 7.014208
846 7.015136
847 7.018624
848 7.010976
849 6.998272
850 7.011680
851 7.009120
852 7.012352
853 7.003616
854 7.014624
855 7.015904
856 7.002112
857 7.014944
858 7.007968
859 7.008288
860 7.014208
861 7.006528
862 7.017696
863 7.032608
864 7.047552
865 7.048928
866 7.042848
867 7.034016
868 7.036352
869 7.039040
870 7.026752
871 7.031520
872 7.023360
873 7.028096
874 7.033248
875 7.034336
876 7.029376
877 7.032896
878 7.020480
879 7.023264
880 7.025696
881 7.016160
882 7.013920
883 7.025888
884 7.022720
885 7.018656
886 7.025728
887 7.035040
888 7.020576
889 7.025248
890 7.020672
891 7.025952
892 7.017600
893 7.026816
894 6.997056
895 7.017856
896 7.033440
897 7.029440
898 7.021824
899 7.026112
900 7.025984
901 7.026752
902 7.013952
903 7.022368
904 7.017984
905 7.014528
906 7.026240
907 7.013728
908 7.007680
909 7.028640
910 7.019264
911 7.023584
912 7.022016
913 7.034144
914 7.021600
915 7.020192
916 7.023424
917 7.020096
918 7.015008
919 7.020544
920 7.015520
921 7.019264
922 7.014304
923 7.022272
924 6.995456
925 7.001888
926 6.998688
927 7.011424
928 7.005920
929 7.005312
930 7.003712
931 7.011488
932 7.002880
933 7.012096
934 6.999456
935 7.000192
936 7.000544
937 7.006208
